0001  30  60  45  40  35  40
0002  40  50  40  40  40  40
0003  50  50  40  45  40  40
0004  30  50  45  55  65  40
0005  30  50  45  45  50  40
0006  30  40  40  45  55  30
0007  40  40  45  50  45  50
0008  50  60  40  40  40  40
0009  40  40  45  40  45  30
0012  40  60  60  40  65  30
0013  30  40  40  55  45  60
0014  50  60  35  55  45  60
0015  40  40  40  45  45  40
0016  50  60  35  45  35  50
0017  60  50  45  40  35  40
0019  50  50  35  45  40  40
0021  30  50  35  40  40  30
0022  70  50  40  40  45  30
0023  50  70  40  50  45  50
0024  30  40  50  55  60  40
0025  30  50  45  50  50  40
0026  40  70  60  40  55  30
0027  50  50  60  40  50  40
0028  30  60  35  50  50  40
0029  40  50  55  45  60  30
0030  40  40  30  40  40  30
0032  50  40  50  40  60  30
0033  50  50  50  45  50  40
0034  60  40  40  45  45  50
0035  60  50  35  50  40  50
0036  30  50  40  35  40  30
0037  60  40  35  70  50  70
0038  50  50  40  50  40  50
0039  80  40  55  65  60  50
0040  30  50  45  50  50  40
0041  40  60  40  45  50  30
0043  60  40  35  60  50  50
0044  40  60  45  45  45  50
0045  60  70  55  45  55  40
0046  40  40  35  35  40  30
0047  60  50  60  65  70  60
0048  30  40  35  50  35  60
0049  30  70  35  40  40  30
0050  40  40  45  40  35  40
0051  60  40  50  45  50  50
0052  50  50  55  45  50  50
0053  50  40  40  40  50  30
0054  40  50  35  40  40  40
0055  60  50  40  50  50  40
0056  30  50  40  40  50  30
0057  40  70  55  50  55  40
0058  50  60  45  50  50  60
0060  30  40  30  35  35  30
0061  40  60  45  50  45  60
0062  60  50  45  40  40  40
0063  30  60  45  50  50  50
0064  40  40  35  50  45  40
0065  80  50  45  55  60  50
0066  30  50  50  40  45  40
0067  80  50  50  50  45  50
0068  30  40  50  55  65  40
0070  60  50  45  55  55  50
0071  50  50  40  45  55  30
0072  50  70  50  40  50  30
0073  30  50  45  60  50  60
0074  30  50  45  50  55  40
0075  60  40  45  50  45  50
0076  40  60  45  50  55  40
0077  30  60  45  45  50  30
0078  40  50  50  60  50  60
0079  40  50  40  35  45  30
0081  30  50  40  60  55  50
0082  50  60  55  40  60  30
0083  50  60  45  50  60  40
0084  30  60  40  50  55  40
0085  50  40  55  55  60  50
0086  60  70  35  40  40  30
0087  50  70  35  45  40  40
0088  40  60  40  45  45  40
0089  40  50  45  40  40  40
0090  30  60  45  60  55  60
0091  60  50  45  65  55  70
0092  50  60  35  45  40  50
0093  50  60  45  50  50  40
0094  50  60  35  60  45  60
0095  40  50  45  50  40  50
0096  50  50  50  55  65  30
0097  50  70  40  50  55  30
0098  40  60  50  45  50  40
0099  50  60  50  65  50  70
0100  60  50  45  55  45  60
0101  30  60  50  45  55  40
0102  50  50  45  50  45  50
0103  50  50  50  45  45  40
0104  80  40  45  45  55  30
0105  50  60  55  45  55  40
0106  40  60  50  50  50  50
0107  50  60  45  40  35  40
0109  30  40  45  60  55  60
0110  40  50  40  45  50  40
0111  30  80  40  45  50  40
0112  60  70  40  50  45  50
0115  40  60  35  50  40  50
0116  40  80  50  50  45  60
0117  30  50  50  45  50  50
0119  30  50  35  40  45  30
0120  30  40  30  35  35  30
0121  40  40  45  45  45  50
0122  40  40  40  55  55  40
0123  40  60  45  50  50  50
0124  40  50  55  50  50  50
0125  50  60  45  45  45  40
0127  50  40  30  40  40  30
0128  50  40  40  40  45  30
0129  40  40  40  50  55  40
0130  30  60  40  40  45  40
0131  40  60  60  40  60  30
0132  40  60  55  45  50  40
0134  30  50  45  55  65  40
0135  60  70  45  60  50  70
0136  40  50  40  50  50  50
0137  50  40  35  40  40  30
0138  50  40  45  50  50  50
0139  40  60  50  35  40  30
0140  30  50  45  55  45  60
0141  40  50  40  45  35  50
0142  50  50  35  40  45  30
0143  40  50  45  40  40  30
0144  40  60  45  55  50  50
0145  40  50  55  45  60  30
0146  40  50  50  50  70  30
0148  40  50  55  50  60  40
0149  40  50  40  45  45  40
0150  60  50  35  35  40  30
0152  30  60  40  55  50  50
0153  50  50  55  40  50  40
0156  30  40  40  40  40  30
0157  40  60  40  45  45  40
0158  70  40  50  45  35  50
0159  40  50  40  60  55  60
0162  50  40  50  50  50  40
0163  40  50  45  45  45  40
0168  50  60  35  40  40  40
0170  50  40  45  45  55  30
0172  40  50  45  65  60  50
0173  30  40  35  55  45  50
0175  40  50  40  35  35  30
0176  50  50  40  70  60  60
0178  50  50  40  55  55  40
0179  40  60  35  50  40  50
0182  30  40  40  50  50  40
0183  30  50  40  45  45  50
0189  40  50  45  50  45  60
0190  30  40  45  50  45  50
0191  40  40  40  65  50  70
0193  30  50  50  60  45  80
0194  30  50  50  45  55  30
0195  40  70  45  55  55  50
0198  30  40  35  45  45  40
0199  40  60  50  50  55  30
0200  40  40  35  55  50  50
0201  40  50  35  60  50  60
0202  60  50  40  40  45  40
0204  50  50  40  45  45  40
0205  40  60  50  40  40  40
0207  40  60  50  45  55  40
0211  80  50  40  50  45  50
0212  30  50  45  35  35  30
0213  70  70  45  40  45  40
0214  70  80  45  40  50  30
0215  30  40  40  40  35  40
0216  40  70  30  50  40  50
0217  30  50  60  50  40  60
0218  50  60  40  45  45  40
0219  30  40  35  50  40  50
0220  40  50  50  60  55  60
0221  50  40  40  60  55  50
0222  40  60  50  65  60  70
0223  30  40  50  45  45  50
0224  50  70  40  45  40  50
0225  60  60  55  50  60  40
0228  40  60  40  50  50  40
0229  50  50  40  55  55  40
0232  50  40  50  55  50  60
0233  40  70  45  50  55  40
0236  30  50  45  45  40  40
0237  40  50  65  40  55  30
0239  50  70  45  45  40  40
0240  30  40  30  35  35  30
0241  40  50  55  50  55  50
0242  60  50  35  50  45  50
0243  40  40  40  45  45  40
0244  50  40  45  50  40  50
0246  40  40  40  40  45  30
0247  40  50  45  35  40  30
0248  50  60  45  45  50  40
0249  30  60  30  65  45  70
0250  40  40  40  40  45  30
0251  40  60  40  45  40  50
0253  50  40  50  35  45  30
0255  50  50  45  40  40  40
0256  40  60  50  60  60  50
0257  80  60  35  55  40  70
0258  60  60  50  40  55  30
0259  40  50  45  60  50  60
0260  30  50  45  40  35  40
0261  60  50  50  45  35  50
0262  50  70  30  50  45  40
0263  40  70  60  55  60  50
0264  30  60  45  40  45  40
0265  40  40  60  45  55  40
0266  40  50  30  60  45  60
0268  60  50  50  50  50  60
0273  50  40  45  60  60  50
0275  30  50  35  40  45  30
0276  70  70  40  45  45  40
0277  50  70  35  50  50  40
0279  40  40  35  50  35  60
0280  40  40  65  50  60  40
0281  30  50  40  45  45  40
0282  40  50  40  45  45  40
0283  40  70  50  45  50  30
0284  40  50  35  45  45  30
0285  40  50  35  45  35  50
0287  40  40  45  45  45  40
0289  60  60  55  45  55  40
0290  50  50  60  50  55  50
0291  60  50  40  50  45  50
0292  40  40  35  45  40  40
0293  40  60  40  55  40  60
0294  50  40  35  55  45  50
0296  30  50  35  40  45  30
0297  60  50  40  40  35  40
0298  80  60  65  50  60  50
0299  50  40  50  45  50  40
0300  30  40  30  35  35  30
0302  40  60  40  55  45  60
0303  40  50  45  40  45  40
0306  30  70  40  60  45  70
0308  50  60  50  40  45  40
0310  30  40  45  55  55  50
0311  30  50  40  55  40  60
0313  50  40  45  50  50  40
0314  30  40  45  35  40  30
0315  60  70  35  55  55  40
0317  50  70  40  45  50  30
0318  30  40  45  45  45  50
0319  40  40  30  55  45  50
0321  30  40  45  40  45  40
0322  50  60  50  45  50  40
0323  40  70  35  55  45  60
0324  30  70  50  50  40  50
0325  40  50  40  45  35  50
0326  50  50  35  55  45  60
0327  60  50  45  55  60  50
0329  60  50  40  55  55  40
0330  50  40  70  60  65  50
0331  40  50  35  50  50  40
0333  30  40  45  40  50  30
0335  50  60  50  45  55  30
0336  30  50  50  45  55  40
0337  40  60  35  45  40  50
0338  40  60  35  45  45  40
0339  40  50  40  45  55  30
0340  50  60  55  55  55  60
0341  40  50  35  45  50  30
0342  40  60  70  40  60  40
0344  30  40  50  55  55  60
0346  50  50  35  50  45  40
0347  50  50  65  55  70  50
0349  30  60  40  45  45  30
0351  40  50  40  45  45  40
0353  50  50  50  45  60  30
0357  50  50  45  60  70  40
0359  50  60  40  40  45  30
0360  30  40  30  35  35  30
0362  50  40  45  45  55  30
0365  30  40  40  40  40  40
0367  60  50  40  55  45  60
0370  60  50  50  45  50  40
0371  70  50  40  50  60  30
0372  60  50  50  55  60  50
0374  40  50  35  55  45  60
0377  50  50  40  50  55  30
0378  40  70  30  55  45  50
0380  40  60  40  50  45  50
0382  30  50  40  50  50  40
0383  30  50  30  45  40  40
0384  40  50  40  65  60  60
0387  30  70  45  60  60  50
0391  40  50  50  45  55  40
0393  50  40  45  45  45  40
0394  50  60  45  35  45  30
0396  60  40  55  65  55  60
0398  40  60  45  40  45  30
0399  60  50  45  40  45  40
0401  50  60  45  45  40  40
0402  50  40  50  40  40  40
0403  50  50  50  50  65  30
0404  50  50  55  45  55  40
0407  50  50  55  60  50  60
0408  40  40  55  45  55  50
0409  50  60  50  40  55  30
0411  50  40  35  45  40  40
0412  40  40  30  40  35  40
0413  40  60  45  50  60  30
0416  30  40  40  60  55  50
0420  30  40  30  35  35  30
0421  60  40  50  45  45  40
0422  40  80  40  45  40  40
0423  40  50  45  50  50  40
0426  60  40  40  45  45  40
0427  40  60  40  50  45  50
0428  60  40  40  40  35  40
0429  40  50  50  40  45  40
0431  30  60  45  55  50  60
0433  40  50  50  50  55  40
0434  30  80  35  35  40  30
0436  50  50  35  45  45  40
0437  50  60  45  45  60  30
0439  30  50  50  55  45  60
0441  60  50  35  55  40  60
0442  50  40  60  45  55  40
0443  40  50  45  45  50  30
0445  40  40  60  40  50  40
0446  70  60  35  50  45  40
0447  30  50  45  50  45  50
0448  60  50  55  40  45  40
0449  50  50  50  55  60  50
0451  40  40  40  40  45  30
0453  40  40  35  45  40  50
0454  30  50  40  65  60  60
0455  30  60  40  45  40  40
0456  40  40  45  55  45  50
0457  40  50  40  50  55  40
0458  40  50  45  40  45  40
0459  30  40  45  55  55  40
0460  30  70  40  50  45  50
0463  30  40  35  55  45  50
0464  40  40  45  40  45  40
0465  30  50  40  45  40  50
0468  50  60  40  60  45  70
0469  50  60  40  50  50  50
0470  30  50  35  50  45  50
0471  30  70  60  50  50  60
0472  30  50  60  45  55  50
0473  50  40  40  55  50  50
0474  50  50  55  55  60  50
0477  50  60  35  55  45  50
0478  40  80  45  60  55  50
0480  30  40  30  35  35  30
0483  30  60  40  55  40  60
0485  40  60  40  35  40  30
0486  50  70  50  55  65  40
0488  30  50  35  50  50  40
0491  50  70  40  55  55  40
0492  50  50  45  60  40  80
0496  50  50  45  45  50  40
0497  30  40  55  40  45  40
0498  40  50  30  35  35  30
0499  60  60  35  55  45  60
0501  60  50  45  55  50  60
0505  40  50  40  45  45  40
0506  40  50  50  45  50  40
0508  60  50  55  45  60  30
0509  40  50  50  50  50  40
0510  40  40  40  40  45  30
0513  50  40  55  40  45  30
0514  30  40  35  45  35  50
0515  40  60  45  35  40  30
0516  50  40  40  50  45  40
0517  30  60  55  45  45  40
0519  40  60  45  50  45  60
0520  50  50  45  50  50  40
0521  40  60  40  65  45  70
0522  40  60  45  40  40  40
0524  40  60  45  60  45  70
0525  50  50  35  65  50  70
0528  40  50  35  50  45  40
0531  30  50  45  40  35  40
0532  40  50  40  45  40  40
0533  60  70  45  55  45  60
0534  40  50  30  40  35  40
0535  40  60  35  40  45  30
0536  30  50  50  45  40  50
0537  50  50  35  50  35  60
0540  30  40  30  35  35  30
0542  40  50  55  40  60  30
0545  40  50  45  40  45  40
0547  50  50  35  50  40  50
0548  50  50  55  60  55  60
0549  30  60  50  50  45  40
0552  50  40  45  45  45  40
0556  50  50  50  45  60  30
0558  50  60  50  45  55  50
0559  30  50  35  45  45  40
0561  40  50  55  40  50  40
0562  40  70  55  40  40  30
0563  50  40  65  40  50  30
0566  60  50  50  60  65  50
0570  40  60  35  50  40  50
0571  30  40  35  45  45  40
0572  50  40  60  50  50  60
0575  40  40  40  60  50  60
0576  40  50  50  50  50  50
0577  60  60  40  50  45  40
0578  40  50  30  45  35  50
0579  60  60  45  50  55  40
0580  50  50  60  50  70  30
0581  60  40  40  55  55  40
0582  30  50  40  50  50  50
0583  50  60  35  40  40  40
0584  60  50  55  50  55  50
0586  30  60  45  40  45  40
0588  60  50  45  40  45  40
0591  30  50  65  45  70  30
0592  40  40  45  45  45  50
0593  40  50  65  60  65  50
0597  70  50  50  40  50  30
0599  40  40  35  45  35  50
0600  30  40  30  35  35  30
0602  40  60  50  70  60  80
0603  50  70  35  55  50  50
0607  40  60  50  40  45  30
0608  30  50  40  55  50  50
0609  30  50  55  45  55  50
0610  50  50  50  40  45  30
0612  40  40  35  50  40  50
0613  50  60  40  45  45  40
0615  40  70  60  50  65  40
0616  50  40  45  60  50  70
0617  40  60  45  45  55  40
0618  60  70  45  45  50  40
0620  50  50  45  65  55  60
0622  50  60  45  50  45  60
0627  50  40  35  50  45  40
0628  40  50  45  35  40  30
0629  60  70  35  55  45  50
0630  50  40  55  40  50  30
0633  60  60  55  40  50  40
0634  30  50  45  50  50  40
0635  30  60  55  35  55  30
0637  30  70  50  50  55  40
0638  40  50  50  35  50  30
0640  30  40  30  35  35  30
0642  40  50  40  50  55  40
0643  30  50  45  45  50  40
0644  40  50  35  45  40  40
0646  40  40  55  40  50  30
0647  40  60  40  40  45  30
0648  30  50  40  40  40  40
0649  30  40  40  55  45  50
0650  50  50  40  50  55  40
0651  50  50  45  40  45  30
0652  40  40  45  50  45  50
0654  30  40  35  50  50  40
0655  60  40  40  40  45  40
0658  50  40  45  50  55  30
0660  30  40  30  35  35  30
0662  40  40  40  45  45  50
0663  40  50  50  50  55  30
0664  60  60  40  45  40  40
0665  30  60  40  45  40  50
0668  30  50  50  35  45  30
0670  30  40  50  50  60  30
0672  30  40  35  60  45  70
0673  30  50  40  50  50  40
0677  40  60  50  40  45  40
0679  40  60  55  55  60  40
0680  40  50  45  55  50  50
0681  40  70  50  55  45  60
0682  40  50  40  35  35  30
0683  50  50  35  55  50  50
0684  40  40  55  55  50  60
0685  50  50  50  45  65  30
0687  60  50  50  45  50  40
0689  60  70  40  40  40  40
0691  40  60  40  50  50  30
0692  50  60  40  45  40  50
0693  60  50  45  45  50  40
0695  50  50  45  40  50  40
0697  60  40  40  45  50  40
0698  50  40  35  50  45  50
0699  30  50  50  60  50  60
0702  50  60  40  45  45  40
0704  50  50  45  55  50  50
0705  40  50  50  55  45  50
0706  50  50  50  45  40  50
0707  40  40  40  50  40  50
0708  50  50  35  45  40  50
0709  60  60  45  55  50  60
0710  40  40  45  50  45  40
0712  50  50  45  55  40  60
0714  40  60  45  40  45  40
0715  50  50  35  45  40  50
0716  50  50  45  40  50  30
0718  40  40  40  40  45  40
0720  30  40  30  35  35  30
0722  50  40  45  45  45  40
0723  60  50  55  50  55  50
0724  40  50  45  40  50  30
0725  50  50  40  45  40  50
0726  40  60  45  40  40  40
0729  30  40  30  55  45  50
0730  40  40  45  45  50  30
0731  60  50  40  40  45  30
0732  40  40  65  55  65  50
0734  40  50  55  45  50  50
0735  40  40  30  45  40  40
0737  50  60  40  40  40  40
0738  40  50  30  65  50  60
0741  40  50  50  40  50  40
0742  70  40  50  45  60  30
0744  30  60  30  50  35  60
0746  40  50  60  35  50  30
0747  40  40  50  55  45  70
0748  50  50  45  40  45  40
0750  30  60  50  50  50  40
0751  50  40  50  40  50  30
0752  30  70  50  55  55  50
0757  50  50  60  40  55  40
0758  50  50  55  60  40  80
0760  60  60  45  45  45  40
0763  40  50  45  50  40  60
0765  50  70  50  50  50  50
0766  30  40  40  60  50  60
0767  50  50  60  45  50  50
0770  40  40  30  60  50  50
0771  50  50  40  40  45  40
0773  40  50  45  45  55  30
0774  60  40  40  50  50  40
0778  50  70  50  55  50  60
0779  30  50  55  50  65  40
0780  30  40  30  35  35  30
0781  30  50  40  40  40  30
0783  30  40  40  60  55  50
0784  60  60  55  45  50  40
0787  50  40  40  45  50  30
0789  60  40  40  45  45  30
0790  30  60  55  55  55  60
0791  30  60  45  35  40  30
0792  40  60  55  45  50  30
0793  70  40  40  45  50  40
0797  30  60  45  45  50  50
0798  50  50  50  45  50  40
0799  40  70  40  40  45  30
0800  30  40  30  35  35  30
0801  30  50  45  45  55  40
0803  60  80  40  40  35  40
0804  40  50  50  50  55  50
0807  50  60  30  40  35  40
0809  40  40  55  50  55  50
0815  50  60  45  40  45  40
0818  40  70  50  45  50  30
0820  60  40  35  50  45  50
0821  50  70  50  50  50  40
0822  40  60  60  40  55  40
0824  50  50  50  50  55  40
0825  40  50  35  55  45  50
0827  70  50  40  45  45  40
0828  40  70  40  45  45  40
0829  60  70  35  45  45  40
0830  30  40  50  50  50  50
0832  40  60  55  35  50  30
0834  40  50  40  60  50  60
0836  30  50  50  40  45  40
0838  40  40  40  35  40  30
0839  30  40  40  50  45  50
0840  30  40  30  35  35  30
0841  30  60  35  55  45  60
0842  40  50  40  45  50  40
0843  30  40  45  45  45  50
0845  50  40  45  40  40  40
0847  50  40  40  45  50  40
0849  30  70  35  45  45  40
0850  40  50  40  45  40  40
0851  30  50  35  45  45  40
0857  40  50  55  50  55  40
0860  60  40  45  50  35  60
0861  40  50  65  60  70  50
0862  60  50  45  45  40  50
0864  40  50  50  60  60  50
0865  60  50  40  40  45  30
0869  30  60  35  60  40  70
0870  40  60  45  55  55  40
0871  60  50  40  55  50  50
0874  50  70  50  50  55  40
0875  50  50  40  60  50  60
0876  70  50  40  55  55  50
0877  60  50  45  40  40  40
0879  60  50  45  35  40  30
0881  50  50  50  45  55  30
0883  40  60  40  50  45  40
0884  60  40  60  55  45  70
0885  40  40  50  50  45  50
0886  60  60  40  40  40  40
0888  40  60  50  50  35  60
0890  50  60  40  50  45  40
0891  60  50  45  50  40  50
0892  50  70  60  50  60  40
0893  40  40  45  45  50  50
0895  40  60  35  40  40  40
0896  50  40  50  50  45  50
0897  40  60  50  35  40  30
0899  50  40  50  45  65  30
0900  30  40  30  35  35  30
0902  50  40  45  45  45  50
0904  30  50  30  40  35  40
0905  60  70  40  50  40  50
0907  60  70  45  45  55  30
0908  70  40  50  45  50  30
0910  60  70  40  40  45  40
0918  60  50  45  50  45  50
0919  30  70  30  50  40  50
0922  40  40  50  40  45  30
0923  40  50  35  40  35  40
0924  40  50  45  50  45  50
0925  60  60  45  45  50  50
0926  50  60  50  50  50  40
0927  30  50  50  60  60  50
0930  50  60  50  45  45  50
0931  40  50  40  40  40  40
0932  50  50  45  35  45  30
0933  50  60  35  35  35  30
0934  30  50  45  45  50  30
0935  50  50  40  35  40  30
0937  40  70  50  55  55  60
0939  50  40  50  50  55  40
0940  30  60  50  65  50  80
0941  50  60  55  35  40  30
0942  40  50  50  60  60  60
0944  40  70  45  40  55  30
0945  30  60  35  50  40  50
0948  40  40  35  35  40  30
0949  40  40  35  45  50  30
0951  50  50  30  55  50  40
0953  30  40  50  60  50  60
0955  50  40  35  45  40  40
0958  30  70  50  45  55  30
0967  30  50  50  50  50  40
0968  50  40  40  40  40  40
0970  60  50  35  45  45  40
0973  40  50  50  60  50  60
0974  50  60  55  45  50  30
0981  40  40  40  40  50  30
0982  40  40  40  45  40  40
0984  30  60  30  45  45  30
0985  60  60  60  45  55  40
0986  40  70  45  40  50  30
0987  50  40  45  55  45  60
0991  40  50  45  60  55  50
0996  50  50  40  50  40  60
0997  60  50  45  40  45  30
0998  30  50  40  50  50  40
0999  60  60  40  35  35  30
1000  60  50  55  45  55  40
1001  50  40  35  50  50  40
1002  40  50  45  60  45  60
1004  50  40  45  45  50  40
1005  30  60  45  50  50  50
1006  40  60  45  55  45  60
1007  40  50  50  60  55  60
1008  50  50  35  35  40  30
1009  40  60  35  50  40  50
1010  30  50  45  50  50  50
1011  40  60  50  50  40  60
1012  60  50  45  55  50  60
1013  40  40  35  45  40  40
1014  60  40  40  50  40  50
1015  40  50  35  35  40  30
1017  70  60  45  60  60  50
1018  30  40  45  60  50  70
1019  40  60  60  50  55  40
1020  30  40  30  35  35  30
1021  40  50  45  45  45  40
1022  40  60  35  50  45  40
1026  50  40  40  40  40  30
1027  50  60  45  40  45  40
1028  50  50  45  40  50  30
1029  50  50  45  45  45  40
1030  30  50  40  45  40  50
1031  40  40  60  45  55  40
1032  50  50  45  40  40  40
1033  30  50  35  55  35  70
1035  70  60  60  50  55  50
1037  30  60  40  45  50  30
1038  60  70  45  40  50  40
1041  70  70  45  55  55  40
1042  50  40  50  45  55  40
1043  40  50  45  40  50  30
1044  50  50  50  55  50  50
1045  40  50  50  55  55  50
1048  60  60  40  50  50  40
1051  50  60  40  50  50  40
1052  50  50  35  60  60  40
1053  40  50  35  60  45  70
1057  30  50  55  45  55  40
1060  30  40  70  55  60  50
1063  40  50  45  50  40  60
1064  50  60  50  45  55  40
1066  50  40  40  60  60  50
1067  30  40  45  50  40  60
1068  40  60  30  55  45  50
1069  60  50  30  70  45  80
1071  40  50  40  50  50  40
1074  40  40  35  55  50  50
1075  70  60  35  40  40  40
1076  60  40  30  55  45  50
1077  50  50  40  45  50  30
1078  50  40  50  45  50  40
1080  30  40  30  35  35  30
1081  30  50  50  55  60  60
1083  50  50  35  55  45  50
1085  30  60  50  45  55  30
1086  30  50  40  55  50  60
1087  40  50  35  40  35  40
1090  40  50  45  45  45  40
1091  30  50  50  45  50  40
1092  60  50  50  50  50  40
1094  30  50  30  45  45  30
1098  50  50  35  40  35  40
1099  40  40  45  45  45  40
1100  30  50  45  35  45  30
1103  60  60  45  45  50  50
1104  40  50  45  50  50  40
1105  60  50  45  55  55  50
1106  30  50  45  45  40  40
1108  50  50  45  40  45  40
1109  50  50  30  50  45  40
1110  50  60  35  35  40  30
1112  50  50  35  50  45  40
1114  60  50  45  35  45  30
1115  50  70  35  50  45  50
1119  40  50  35  55  50  50
1120  30  40  30  35  35  30
1122  40  40  55  50  55  40
1123  40  70  30  35  35  30
1124  40  60  45  45  45  40
1125  30  40  45  50  55  40
1126  30  70  50  40  45  40
1128  40  50  45  40  40  40
1130  30  40  40  45  45  50
1132  50  60  30  55  40  60
1133  50  60  40  45  40  50
1134  30  40  40  40  50  30
1137  40  50  50  50  45  50
1138  40  40  40  40  45  30
1140  30  40  30  35  35  30
1141  40  40  50  70  70  60
1144  40  70  40  45  40  40
1145  30  40  35  50  45  50
1147  30  60  50  45  50  50
1148  40  50  50  55  50  60
1149  40  80  35  40  35  40
1153  40  70  35  45  45  40
1154  40  50  40  55  40  60
1157  40  60  45  40  50  30
1159  40  50  60  40  55  40
1160  60  50  50  45  50  50
1161  40  50  45  50  45  60
1162  40  70  75  40  60  40
1164  30  50  55  50  55  50
1165  50  50  40  40  50  30
1169  40  70  40  60  40  70
1170  30  60  55  35  50  30
1171  40  50  35  55  40  60
1172  50  50  55  50  55  40
1173  50  60  50  50  60  50
1174  40  60  40  55  50  50
1175  40  50  40  40  45  30
1176  50  40  50  45  45  40
1177  40  40  40  50  50  40
1179  70  60  50  50  50  50
1181  30  60  50  50  50  50
1188  30  60  35  45  45  40
1191  30  60  40  45  45  40
1192  50  40  45  45  55  30
1193  30  50  40  60  50  60
1195  40  60  40  55  50  50
1196  40  70  45  45  40  50
1197  40  70  55  50  50  50
1198  50  50  40  50  50  40
1199  50  40  35  55  50  50
1200  30  40  30  35  35  30
1201  50  60  40  55  45  50
1202  50  70  40  60  50  60
1204  40  50  35  40  40  40
1205  50  40  45  50  50  40
1206  30  50  45  55  50  60
1207  40  60  35  45  35  50
1209  40  50  45  50  45  50
1210  50  60  45  50  45  40
1212  60  60  30  45  40  40
1213  40  60  40  60  45  60
1214  40  40  40  60  50  60
1215  30  50  40  50  40  60
1218  40  60  40  45  50  30
1222  40  50  50  50  55  40
1225  30  50  30  45  40  40
1226  50  70  55  50  50  50
1230  50  40  50  60  50  60
1232  80  40  30  50  40  50
1235  40  50  30  55  45  50
1236  40  40  55  45  50  40
1238  40  60  50  50  50  40
1239  40  40  45  45  40  50
1240  30  50  45  35  40  30
1241  70  60  60  50  65  50
1243  40  50  50  50  45  50
1244  40  60  55  45  50  40
1249  40  50  45  45  40  50
1252  50  40  45  50  55  40
1256  40  60  45  45  45  40
1257  40  60  50  45  50  40
1258  30  60  45  40  45  30
1259  30  60  55  55  65  50
1263  40  50  50  40  45  40
1265  60  50  40  40  45  30
1267  30  50  40  35  40  30
1268  60  50  55  50  60  50
1270  60  70  35  45  40  40
1272  40  50  35  45  50  30
1273  50  40  40  60  55  50
1274  40  50  45  40  45  40
1277  50  40  50  55  60  50
1283  50  40  50  50  45  50
1284  50  50  40  55  45  50
1286  40  60  45  50  60  40
1291  50  50  45  45  45  40
1293  40  60  40  40  45  30
1294  60  60  40  55  40  60
1295  40  50  45  40  35  40
1296  60  50  40  50  55  40
1299  60  50  50  55  55  50
1301  30  50  50  35  40  30
1303  40  40  35  55  50  50
1305  50  50  50  45  50  40
1306  40  50  35  35  35  30
1307  40  60  40  50  50  40
1310  40  40  40  45  40  40
1312  40  40  40  55  55  50
1313  50  60  45  45  50  40
1315  60  50  50  55  60  60
1318  60  50  30  40  35  40
1319  30  60  65  65  60  70
1320  30  40  30  35  35  30
1322  50  50  40  45  40  40
1323  60  50  40  40  40  40
1325  60  50  50  50  60  40
1326  50  50  60  40  45  40
1327  40  40  55  40  40  40
1328  40  80  35  45  35  50
1329  30  60  45  40  40  40
1331  40  60  60  55  50  60
1337  30  50  40  45  45  40
1338  40  50  40  50  55  40
1340  40  70  50  40  45  30
1341  50  60  40  40  45  40
1343  50  60  45  55  55  50
1346  50  50  30  45  40  40
1348  40  40  45  55  60  40
1349  40  50  55  60  60  50
1351  50  50  40  40  50  30
1352  40  40  40  50  40  60
1353  60  60  40  55  40  60
1355  30  40  35  40  40  30
1356  40  50  35  55  50  40
1357  50  50  40  40  45  30
1359  30  60  30  35  35  30
1366  30  60  40  55  50  50
1367  40  50  45  45  40  50
1369  40  40  45  35  45  30
1371  50  40  40  55  50  50
1378  50  60  45  60  50  70
1381  50  60  45  50  55  40
1382  30  50  55  45  45  50
1383  30  50  45  45  55  40
1385  30  70  35  55  45  60
1386  50  60  35  45  40  50
1388  40  40  40  65  50  60
1391  40  40  50  40  40  30
1393  30  50  45  50  55  40
1395  70  40  40  60  45  70
1397  60  40  45  45  50  30
1398  40  60  50  65  60  70
1403  50  60  35  45  45  40
1404  40  50  40  40  45  30
1406  40  40  50  40  50  40
1410  30  50  40  60  55  50
1411  40  50  45  60  65  40
1412  40  40  30  40  40  30
1413  40  60  50  45  45  50
1415  40  50  45  55  55  50
1416  60  60  40  40  35  40
1417  40  50  60  50  55  40
1418  50  60  45  40  40  40
1424  40  50  35  55  55  40
1425  50  50  50  50  65  40
1426  50  50  45  45  55  40
1427  50  50  50  35  50  30
1431  50  60  45  50  45  50
1432  70  60  50  50  50  50
1433  50  60  30  50  40  50
1435  40  50  65  50  60  60
1436  70  50  45  50  50  50
1437  50  60  45  45  45  40
1439  30  50  40  40  40  40
1440  30  40  30  35  35  30
1441  50  50  50  50  60  30
1442  60  50  35  45  45  40
1444  50  50  35  45  45  40
1445  30  50  45  50  50  60
1448  60  50  55  45  50  50
1451  50  50  45  45  60  30
1452  50  60  30  45  40  40
1453  50  50  35  55  45  50
1461  60  50  45  50  60  40
1462  30  50  35  55  40  60
1463  50  60  50  45  45  40
1464  50  60  45  40  45  30
1467  40  60  45  35  40  30
1468  40  60  50  45  40  50
1469  30  80  55  65  60  60
1470  50  70  50  35  45  30
1471  60  60  30  50  40  50
1473  40  50  45  55  55  40
1476  60  60  40  35  40  30
1477  30  60  55  50  55  40
1478  50  40  60  45  55  50
1483  40  50  55  45  55  40
1484  40  40  35  50  40  60
1486  40  50  40  40  35  40
1489  40  40  45  50  45  60
1490  40  50  45  45  50  50
1492  40  40  50  35  45  30
1495  30  50  45  55  50  50
1496  40  70  40  35  40  30
1497  30  40  45  55  55  40
1498  30  50  35  55  50  50
1502  30  60  45  45  55  40
1503  40  50  60  45  55  40
1504  40  50  40  35  40  30
1505  40  50  40  45  45  40
1506  40  60  60  40  60  30
1507  40  50  35  50  45  40
1508  40  50  40  60  50  50
1509  40  50  30  55  50  40
1511  50  60  35  40  35  40
1512  40  70  40  55  50  40
1513  40  60  35  40  40  40
1514  50  60  40  50  55  30
1516  60  70  40  45  45  50
1517  60  60  55  50  50  50
1518  40  60  45  70  65  70
1519  40  50  45  45  45  50
1520  30  40  30  35  35  30
1523  60  50  40  45  40  40
1524  40  50  40  40  40  40
1525  40  50  40  45  40  40
1526  40  50  55  45  60  30
1527  50  40  40  55  40  60
1533  50  40  45  55  45  50
1534  40  60  40  45  40  40
1536  40  50  45  55  55  40
1538  40  40  40  45  50  40
1542  50  50  45  40  40  40
1543  40  60  65  45  65  30
1545  50  60  35  45  50  30
1549  40  50  45  65  45  80
1551  30  50  50  45  45  40
1552  50  50  45  50  45  50
1553  30  40  50  50  45  50
1554  40  40  55  55  60  50
1557  50  40  50  55  55  60
1560  30  40  30  35  35  30
1563  50  60  30  45  45  30
1564  50  60  50  40  35  40
1565  30  40  50  55  55  50
1566  60  50  30  45  40  40
1567  50  40  50  55  65  30
1568  40  50  40  45  55  30
1569  40  40  45  55  50  50
1570  40  60  40  55  40  70
1571  30  70  35  40  40  30
1572  50  50  40  55  50  60
1573  30  50  40  55  50  50
1575  50  60  45  50  55  40
1577  50  60  50  55  60  50
1578  30  50  45  55  55  50
1580  40  50  50  50  45  50
1581  50  90  55  55  65  50
1582  30  50  40  50  40  50
1583  40  50  40  65  55  60
1585  40  40  50  50  50  50
1591  30  50  55  50  55  40
1592  50  40  35  55  45  50
1593  40  40  60  50  60  50
1594  70  40  40  45  45  40
1595  30  50  55  60  45  80
1596  40  60  35  40  45  30
1598  30  40  55  40  60  30
1599  30  40  35  50  45  40
1600  30  40  30  35  35  30
1601  40  40  35  40  35  40
1603  50  60  45  55  45  50
1605  40  60  40  55  45  60
1608  60  50  50  40  50  40
1609  40  50  40  40  50  30
1610  50  50  35  55  45  50
1611  50  70  45  35  40  30
1612  50  50  35  35  35  30
1613  30  40  45  40  45  40
1614  70  40  45  50  45  50
1617  50  60  45  50  50  50
1618  50  40  55  60  50  70
1620  30  40  30  35  35  30
1622  50  60  30  45  40  40
1623  50  40  35  55  45  50
1624  50  60  45  55  60  50
1626  50  40  50  45  50  50
1629  40  50  55  40  45  30
1630  30  50  45  35  45  30
1631  40  50  45  45  45  50
1632  50  60  35  40  45  30
1634  40  60  45  65  55  60
1635  30  50  40  45  45  40
1636  50  50  30  40  35  40
1637  40  50  50  40  40  40
1638  50  50  55  55  60  60
1639  40  60  40  40  45  40
1641  50  80  45  40  40  40
1642  40  50  45  60  50  70
1643  50  40  35  40  40  30
1644  40  40  40  55  50  60
1645  50  60  45  55  55  50
1647  50  50  45  45  50  40
1648  50  70  35  45  45  30
1649  50  40  40  45  40  50
1651  40  70  45  40  55  30
1652  30  60  35  40  40  30
1653  30  40  45  60  50  70
1654  50  60  45  45  55  30
1655  40  40  55  55  60  50
1659  30  70  45  50  50  60
1660  40  50  35  55  45  60
1661  30  50  45  55  45  60
1662  50  70  40  40  45  30
1664  40  40  45  40  45  40
1665  50  50  45  55  50  50
1666  60  60  40  50  55  30
1667  60  40  40  50  40  50
1668  30  60  40  50  45  40
1671  60  60  60  50  60  50
1675  30  50  35  60  60  40
1676  40  70  35  50  40  50
1678  50  50  50  55  50  50
1679  30  50  35  40  35  40
1680  30  40  30  35  35  30
1683  30  40  40  40  35  40
1685  40  50  40  50  35  60
1686  40  60  30  55  45  50
1688  30  60  35  45  35  50
1689  40  60  35  60  40  70
1692  40  50  45  40  40  30
1693  50  40  45  55  50  60
1694  60  60  40  50  45  60
1695  50  50  45  35  50  30
1696  40  50  40  40  35  40
1700  40  40  40  40  45  30
1701  40  40  40  45  50  40
1702  70  50  50  40  55  40
1703  40  50  40  40  40  40
1704  40  70  45  40  45  40
1706  50  60  40  50  45  50
1707  50  40  50  55  60  50
1708  40  60  35  40  35  40
1709  40  50  45  45  45  40
1710  40  60  50  40  40  40
1712  40  40  50  50  45  60
1713  50  40  45  55  55  50
1714  40  50  50  45  50  40
1715  40  40  50  65  60  60
1718  60  40  50  40  45  40
1719  60  40  40  45  40  50
1720  40  60  45  50  55  40
1721  60  50  40  50  45  50
1722  60  70  45  35  50  30
1723  60  60  50  50  55  40
1724  40  50  50  45  45  50
1725  40  70  55  45  50  40
1726  60  50  40  50  45  60
1728  30  40  35  40  40  40
1729  30  50  40  50  40  60
1730  40  60  40  50  45  60
1732  50  60  35  45  35  50
1736  40  60  50  45  50  40
1737  40  60  40  50  50  40
1746  40  40  45  35  45  30
1748  50  50  45  55  50  60
1749  30  50  50  65  60  60
1753  50  40  45  45  40  40
1755  30  50  55  55  45  70
1757  60  40  35  50  45  50
1758  50  60  45  40  45  40
1759  40  40  50  45  50  50
1761  60  70  50  50  50  50
1764  30  40  35  40  35  40
1765  50  40  40  55  45  50
1766  40  40  55  50  45  50
1767  30  50  55  50  50  60
1768  40  50  40  55  50  50
1769  40  40  40  45  40  50
1770  50  50  55  40  50  40
1773  50  50  55  45  60  40
1774  50  50  45  60  60  50
1775  60  70  45  50  45  50
1777  30  50  45  45  45  40
1779  40  50  50  40  45  40
1780  50  60  40  40  40  40
1782  40  50  35  45  35  50
1783  50  50  55  40  50  40
1785  50  80  45  40  45  40
1786  30  50  50  45  55  40
1787  40  70  40  40  40  40
1788  40  40  50  50  45  50
1790  30  40  50  55  55  50
1791  30  50  40  50  45  40
1792  50  70  35  50  40  50
1793  60  40  45  60  45  70
1794  30  50  40  50  45  50
1797  60  40  30  35  35  30
1799  30  40  45  40  35  40
1802  40  50  55  50  45  50
1803  70  50  40  40  40  40
1805  40  60  45  55  45  50
1806  50  40  45  60  55  60
1807  40  70  40  45  50  40
1808  60  70  50  50  55  50
1809  50  60  40  45  50  30
1811  40  40  35  70  50  80
1812  50  40  40  55  45  50
1817  40  60  50  45  50  40
1818  40  50  55  50  55  40
1819  60  60  45  40  45  40
1821  30  60  55  35  45  30
1822  40  60  35  45  40  50
1823  40  70  45  45  45  30
1824  60  50  40  40  40  40
1825  40  60  45  45  55  30
1829  70  40  35  45  45  40
1830  40  50  45  45  40  50
1831  40  50  50  50  50  50
1832  30  60  45  55  55  50
1835  30  50  35  45  40  50
1836  40  60  30  35  35  30
1838  30  60  45  60  55  60
1840  30  40  30  35  35  30
1842  40  40  55  60  65  50
1846  40  50  40  35  40  30
1847  40  40  35  45  45  30
1848  50  80  40  40  45  30
1850  50  60  45  45  45  40
1851  40  60  55  45  60  30
1852  60  50  45  55  55  50
1853  60  50  30  50  45  40
1854  50  40  35  45  35  50
1855  30  60  30  60  40  70
1856  30  60  35  45  40  40
1857  30  60  40  50  40  50
1860  30  40  30  35  35  30
1862  40  50  45  50  50  60
1863  50  40  45  50  50  40
1864  30  60  40  40  40  40
1866  50  60  65  50  60  50
1867  60  50  40  50  55  40
1870  50  50  40  50  35  60
1872  40  50  60  45  65  40
1874  70  40  30  60  40  70
1876  80  70  60  45  55  40
1877  40  70  50  45  40  40
1879  50  40  50  45  55  40
1880  30  50  40  45  50  40
1882  40  50  35  40  40  30
1883  30  50  45  40  50  40
1885  50  50  50  50  55  40
1887  50  60  45  45  45  40
1889  50  50  45  45  50  30
1890  40  40  55  60  55  60
1891  40  40  50  55  50  50
1892  40  50  35  50  40  60
1893  40  60  40  50  45  50
1894  70  50  45  45  40  50
1896  30  50  50  35  50  30
1897  40  70  45  45  45  40
1898  60  50  50  55  50  50
1899  30  50  50  45  40  50
1900  30  50  45  60  50  60
1903  30  50  35  45  35  50
1904  40  60  30  40  40  30
1905  40  40  60  50  55  50
1910  50  50  35  45  40  40
1913  50  70  40  35  45  30
1914  60  40  45  45  50  40
1918  60  50  45  50  60  40
1920  30  40  30  35  35  30
1922  40  60  45  40  50  30
1923  40  60  40  55  50  50
1924  50  50  35  45  45  40
1926  50  60  45  50  45  50
1927  60  50  35  50  40  60
1928  50  50  45  45  45  40
1931  30  80  40  50  45  40
1934  50  70  65  45  50  40
1937  50  60  45  50  50  60
1938  60  50  50  45  45  40
1939  50  60  45  50  55  40
1941  50  60  55  50  45  60
1942  70  60  45  50  40  50
1943  40  70  45  50  65  30
1944  40  60  45  55  60  40
1946  40  60  35  50  50  30
1947  40  50  55  40  50  40
1949  30  60  50  40  55  30
1951  50  40  45  50  45  60
1956  40  70  35  65  55  60
1958  50  40  50  55  60  40
1959  50  40  40  50  50  40
1960  30  50  35  35  35  30
1961  50  60  60  45  55  30
1963  40  40  55  50  45  50
1964  60  60  45  45  55  40
1966  40  50  35  50  50  40
1967  40  40  40  40  35  40
1968  50  50  45  35  40  30
1969  40  40  35  40  35  40
1970  40  50  50  45  45  50
1971  40  50  40  55  50  50
1972  60  40  50  45  45  40
1973  30  50  40  45  50  30
1974  30  50  40  50  50  40
1977  40  40  45  45  45  50
1979  50  70  40  45  40  40
1980  30  40  30  35  35  30
1982  30  50  50  35  50  30
1983  30  70  50  45  60  30
1985  40  50  50  50  40  60
1989  30  40  30  45  35  50
1990  40  40  40  65  55  70
1991  50  50  30  50  45  40
1999  50  50  45  45  40  40
